d 10
r 2
k 3 3
total 6
s 33 78 48 68 18 52 62 52 62 47
t 55 56 55 19 2 42 54 15 40 57
p 66 78 96 68 18 104 62 52 62 47
num_sources 3 3
resources_at_sources 1 1 1 1 1 1
m 1 1 2
m 2 1 0
m 3 1 2
m 4 1 0
m 5 1 0
m 6 1 2
m 7 0 2
m 8 1 0
m 9 0 2
m 10 0 2
f 1 0.00 24.00 17.00 18.00 19.00 14.00 22.00 13.00 16.00 12.00
f 2 24.00 0.00 21.00 16.00 9.00 18.00 16.00 19.00 8.00 20.00
f 3 17.00 21.00 0.00 5.00 12.00 3.00 5.00 4.00 13.00 5.00
f 4 18.00 16.00 5.00 0.00 7.00 4.00 4.00 5.00 12.00 6.00
f 5 19.00 9.00 12.00 7.00 0.00 9.00 7.00 10.00 13.00 11.00
f 6 14.00 18.00 3.00 4.00 9.00 0.00 8.00 1.00 10.00 2.00
f 7 22.00 16.00 5.00 4.00 7.00 8.00 0.00 9.00 16.00 10.00
f 8 13.00 19.00 4.00 5.00 10.00 1.00 9.00 0.00 11.00 1.00
f 9 16.00 8.00 13.00 12.00 13.00 10.00 16.00 11.00 0.00 12.00
f 10 12.00 20.00 5.00 6.00 11.00 2.00 10.00 1.00 12.00 0.00
c 1 0.00 24.00 17.00 18.00 19.00 14.00 22.00 13.00 16.00 12.00
c 2 24.00 0.00 21.00 16.00 9.00 18.00 16.00 19.00 8.00 20.00
c 3 17.00 21.00 0.00 5.00 12.00 3.00 5.00 4.00 13.00 5.00
c 4 18.00 16.00 5.00 0.00 7.00 4.00 4.00 5.00 12.00 6.00
c 5 19.00 9.00 12.00 7.00 0.00 9.00 7.00 10.00 13.00 11.00
c 6 14.00 18.00 3.00 4.00 9.00 0.00 8.00 1.00 10.00 2.00
c 7 22.00 16.00 5.00 4.00 7.00 8.00 0.00 9.00 16.00 10.00
c 8 13.00 19.00 4.00 5.00 10.00 1.00 9.00 0.00 11.00 1.00
c 9 16.00 8.00 13.00 12.00 13.00 10.00 16.00 11.00 0.00 12.00
c 10 12.00 20.00 5.00 6.00 11.00 2.00 10.00 1.00 12.00 0.00
f_bar 1 26.00 4.00 23.00 18.00 11.00 20.00 18.00 21.00 10.00 22.00
f_bar 2 15.00 11.00 16.00 17.00 18.00 13.00 21.00 12.00 5.00 11.00
f_bar 3 11.00 23.00 6.00 7.00 14.00 5.00 11.00 4.00 15.00 3.00
f_bar 4 12.00 12.00 11.00 12.00 13.00 8.00 16.00 7.00 4.00 8.00
f_bar 5 12.00 26.00 5.00 10.00 17.00 8.00 10.00 7.00 18.00 6.00
f_bar 6 20.00 18.00 3.00 2.00 9.00 6.00 2.00 7.00 14.00 8.00
c_bar 1 26.00 4.00 23.00 18.00 11.00 20.00 18.00 21.00 10.00 22.00
c_bar 2 15.00 11.00 16.00 17.00 18.00 13.00 21.00 12.00 5.00 11.00
c_bar 3 11.00 23.00 6.00 7.00 14.00 5.00 11.00 4.00 15.00 3.00
c_bar 4 12.00 12.00 11.00 12.00 13.00 8.00 16.00 7.00 4.00 8.00
c_bar 5 12.00 26.00 5.00 10.00 17.00 8.00 10.00 7.00 18.00 6.00
c_bar 6 20.00 18.00 3.00 2.00 9.00 6.00 2.00 7.00 14.00 8.00
f_start 1 0.00 11.00 25.00 14.00 28.00 20.00
f_start 2 11.00 0.00 14.00 5.00 17.00 19.00
f_start 3 25.00 14.00 0.00 11.00 3.00 9.00
f_start 4 14.00 5.00 11.00 0.00 14.00 14.00
f_start 5 28.00 17.00 3.00 14.00 0.00 8.00
f_start 6 20.00 19.00 9.00 14.00 8.00 0.00
